	x
3405	-0.387710348
5429	-0.057302729
1197	0.060685177
3545	-0.405083185
2377	-0.708556531
1702	-0.170649341
1154	0.359985883
3544	0.550993573
3856	-0.258768437
2460	-0.69219021
3857	-0.58044876
6066	-0.311717153
2636	-0.249980659
3407	-0.065368163
3855	-0.182569096
1202	0.019528356
3895	0.632857427
4429	-0.520345027
5354	0.27238277
1716	0.215834805
3406	0.195935206
3854	-0.340254102
5061	0.265140218
4502	-0.328141888
5351	-0.342173173
5641	-0.265889556
1201	0.660912469
4028	-0.070834773
1244	0.405724656
3261	1.004960357
4498	-0.202937194
1064	-0.063176193
5916	-0.339210299
3646	-0.104016932
1200	0.055984436
3152	-0.739812836
4499	0.199537038
1199	-0.157806722
2864	0.480567333
2303	1.249998
3163	-0.474608885
4137	0.165649759
3570	0.645293824
4224	-0.084591345
1190	-0.012447814
1079	-0.19673555
5333	1.448589408
1081	-0.487457829
4221	0.25341334
3314	0.382537836
1080	0.577948681
3908	1.10428985
4223	-0.292948074
2978	0.324833912
1703	-0.501729049
2583	-0.355195837
4195	0.456968998
3806	0.423390031
2858	-0.306247837
3322	-0.241579741
2977	-0.191284725
4500	-0.636236437
3905	-0.398710801
3808	-0.061497926
5284	0.036802215
3020	0.07670256
5447	-0.348718454
3321	0.157765724
2853	0.320651151
1083	0.090661936
1831	0.195113255
4542	-0.032088357
3797	-0.291781927
3574	1.297685431
1888	-0.37558275
3019	-0.339138027
4543	-0.012301877
3259	-0.042364362
3323	-0.665131429
3647	0.059396953
2816	1.431907694
5430	-0.408436313
4193	-0.030510804
3147	-0.392898014
5639	-0.365999423
1187	-0.69114778
2818	-0.122770707
1889	-0.172500593
1890	-0.625540924
4194	-0.088564825
2856	-0.081989123
2976	-0.441481552
3260	-0.172957107
4741	0.129345455
3807	0.437449092
4401	-0.595321853
3319	0.081306802
1717	-0.465175065
1701	-0.474638269
3402	-0.032892813
3715	0.372210035
5894	-0.580958108
4222	0.639721458
2975	-0.654757772
4742	-0.285515959
4920	0.117150372
1816	-0.568115096
4501	0.648862857
2989	-0.061929544
4482	-0.192012842
5269	0.030332039
3203	0.072471187
1887	-0.150070623
1827	-0.778303345
4192	-0.549702058
3364	0.085151181
1069	-0.161652408
2848	0.357286435
4597	0.211821301
1082	-0.665203678
3320	-0.134230131
3809	-0.167954041
1404	-0.324828465
2748	0.173367877
4659	0.060074452
3605	-0.158557909
2773	-0.222375542
1646	0.11079494
1075	-0.507045409
3602	-0.551918439
2770	-0.377237564
2772	0.205143236
1011	-0.049087344
2220	-0.412545833
2769	0.214077446
2763	0.223961565
4606	-0.886429798
5287	0.304025378
1649	-0.301222439
1316	-0.382644246
1066	-0.181698655
2012	-0.083638414
3063	0.156188125
2767	-0.18170984
2771	0.521726777
5917	-0.264549097
2775	-0.526190793
1012	0.239062949
1185	-0.190399265
4395	0.504881267
5437	-0.759002102
3064	-0.498992705
4374	0.251833889
1016	-0.16584864
2395	-0.312279416
4747	0.37294085
2718	-0.163844622
4598	-0.325074806
3985	-0.141339624
3599	0.011421905
5270	-0.208772723
4664	0.414775992
2582	-0.456879067
3279	0.437466954
2305	-0.53781042
1031	-0.238215756
3569	-0.277757374
2847	0.190253265
1675	-0.646118042
4739	-0.31257149
3280	-0.443916404
2817	-0.710401733
2389	-0.490933174
5658	-0.676292661
5118	0.872191187
5999	-0.037937514
3234	0.066870917
3236	0.374862425
1672	-0.277754726
5481	-0.013200377
2628	-0.286928475
2733	-0.13364383
5998	-0.482149913
2568	0.091193727
2694	0.506666097
2693	0.153208256
5265	0.362222796
1051	0.002364364
5262	0.039111891
2571	-0.491870018
2695	0.077227747
5798	1.896966861
1035	-0.227514977
5799	0.00376635
1052	0.355575463
1047	-0.354259707
5997	-0.673787525
3235	0.207170449
3949	0.014469063
2410	0.42170106
1673	-0.485185291
3359	-0.64769157
4668	0.781292342
2030	-0.310094743
2696	0.385031858
1033	-0.165492945
3648	0.033599898
1032	-0.362159996
2308	0.235604158
4422	-0.255307087
4424	-0.549418701
1699	-0.198747741
4231	-0.297363446
5827	0.619562229
4423	-0.086445638
3195	-0.101550136
1242	-0.291175122
1049	-0.334564015
4611	-0.751978332
2567	-0.562963257
2365	-0.613859622
5332	-0.020745286
5331	-0.226667146
5482	0.539108544
3185	-0.635074854
5438	-0.218952244
4667	0.038900882
1403	1.020352998
4702	-0.063715426
4600	-0.194733904
4740	-0.320857505
4299	-0.465184646
2087	0.766803569
2368	2.630010624
5119	0.120946597
4601	-0.16992917
4608	-8.0455E-05
2306	0.533737531
3194	0.192680533
1048	0.017197369
2411	0.324425201
5654	0.712539633
4393	0.325714266
5264	0.575904769
5459	-0.456052279
3186	0.199160434
3950	0.264028594
2677	0.005394567
1884	-0.390721084
3000	-0.080722548
3351	0.067698361
4412	0.231260288
1399	0.363106797
1893	-0.039145647
3564	0.182166406
2678	1.22629282
4983	-0.035301268
5433	0.089240887
1294	-0.519266303
4390	-0.440967295
4958	-0.213235135
3144	-0.310486458
1846	-0.093765044
4874	-0.067057514
5055	-0.170395524
4960	0.090836159
5436	-0.44734006
1804	0.370660382
4388	-0.249132456
5242	-0.413179668
1013	-0.583458238
4480	-0.115983056
1339	-0.033855041
4152	0.190878152
5275	-0.182568565
1779	-0.058906869
1340	0.277925913
1089	0.073130427
3171	0.390686679
4409	-0.478558792
1341	-0.520476887
4358	0.169877232
5241	-0.248769151
1024	-0.501400991
3001	-0.299290355
1406	-0.131862025
3133	0.012777777
4389	0.517671652
2423	0.246487188
1787	-0.30922751
3986	-0.039841545
2274	0.000886664
3922	-0.386628793
4885	0.138654994
2684	-0.191747722
1090	-0.090380002
5268	-0.728941189
5882	-0.025176878
3031	0.080765635
2307	-0.179686554
5223	-0.132933253
2765	-0.595964982
2430	-0.323370542
1087	0.035777914
3262	0.23352251
2635	0.020789643
4216	0.028786445
4353	0.521347693
3318	-0.391173423
1241	-0.228544269
3184	-0.271081928
5426	-0.050808782
3846	0.532426809
5224	0.401382369
4220	-0.527337541
3606	-0.100858569
1872	0.097519335
4351	-0.087989835
1758	0.24187972
3033	0.873989208
5973	-0.283038471
3409	0.367527981
1086	-0.23730287
4472	0.245273975
5427	0.365966236
2456	0.529077818
3381	0.017226902
3410	-0.29541939
2364	0.193448141
3382	0.201983274
1243	-0.449275445
2711	1.324578917
4217	0.378940868
3411	-0.243237903
5608	0.306540499
4981	-0.38422037
4479	-0.300928436
2683	0.212298758
1757	0.044551809
2576	0.08220142
3461	0.255444801
3027	0.19505248
3048	-0.75923823
2574	0.184081041
1085	-0.100866739
5344	-0.379103333
6016	-0.167678971
3143	-0.212236521
1756	0.520217645
1780	-0.557065984
1776	-0.618479419
5053	-0.13824316
1338	1.076348259
4210	-0.176206418
5222	0.174168915
2420	-0.160325717
5343	-0.438393828
3566	0.296905511
4206	-0.276244646
5057	-0.312854765
3944	-0.122546386
5244	0.108242415
3379	-0.124762225
2573	1.348413809
2999	-0.584141168
4411	-0.621866591
3134	0.124031581
3678	-0.754026899
5342	0.245996784
3035	0.371206878
1805	0.947111159
3145	0.758687684
4959	-0.021133537
3062	-0.078425992
3034	-0.714473612
3352	0.432267712
1869	-0.38466887
3047	-0.960772072
3604	-0.169222464
3581	0.106281925
3046	0.280199977
1847	0.306349959
4980	-0.302515809
4232	-0.594970305
3401	-0.405901455
5524	0.174857936
2001	-0.339754064
1613	-0.632433626
4453	-0.302730312
3002	0.58311492
5334	-0.171903174
3547	0.451887169
3938	0.101661981
3032	0.12329887
3582	-0.054404904
1017	-0.312688447
1074	0.262589092
2026	0.425566908
6011	0.164523449
4918	-0.130378514
1022	-0.293823918
1342	0.591525387
2339	-0.064171393
2435	0.209122492
4978	-0.558683303
4001	0.086931033
3103	-0.106953802
4375	0.099449341
1055	-0.290123659
1891	-0.368564369
2680	0.130129261
4556	-0.294936072
1886	-0.068339012
1899	0.510182359
1077	-0.685976642
5593	-0.724655746
3680	-0.14010144
2409	-0.540131177
2854	-0.17279701
4629	0.158850805
5808	0.093122591
1186	-0.302632811
5606	-0.093243157
3768	-0.260730721
1625	-0.160879761
4632	-0.026883713
4881	0.011687652
5035	-0.31561902
2764	-0.500948766
3170	0.115160405
4524	0.066221186
1900	-0.25532926
3717	-0.924576175
1789	-0.04961231
1071	0.27717865
2855	-0.199476184
3906	-0.161704119
3907	-0.753326703
3845	0.144943845
1841	-0.460567563
4456	0.35283916
4207	0.107673943
1902	1.412097372
1606	0.416158821
4273	1.245659548
3719	1.820127324
1610	-0.089781669
4527	0.802087817
3187	0.318017102
3612	-0.19495527
1609	0.283569504
3459	-0.404083915
3738	-0.942446126
3385	0.100844543
1849	0.128824475
1708	-0.163842611
1287	-0.299699964
3325	-0.283286804
4049	-0.410611597
4336	0.733656731
3336	0.241598335
2555	0.225469882
4316	-0.806794303
1726	0.032012881
1597	0.184690857
1650	-0.598244643
1848	0.027598535
2554	-0.184699159
4558	0.33675844
4508	-0.313556989
1413	0.132996951
3975	-0.510581873
3978	-0.462346378
2091	0.13762165
5089	-0.350264214
1642	-0.460592859
2737	-0.052180812
3976	-0.062337563
3561	-0.224696719
2845	-0.436818871
5033	-0.449528504
5036	-0.526338188
3334	-0.812120904
4387	0.260925161
3974	-0.622459268
1706	-0.002643215
4546	-0.073488485
4525	-0.27274057
1844	-0.207042613
5474	1.943607001
2239	0.18895635
3450	-0.157817841
1791	-0.230718221
3326	-0.368436661
3139	-0.19559247
4168	-0.078392551
2912	0.115428098
1614	-0.08941938
1909	0.254415669
3735	-0.298295395
4364	1.475121564
1653	0.699146702
4658	0.145835782
1615	-0.29872479
4506	0.073853908
2755	-0.52623835
5472	0.012762714
4988	0.498860245
5597	-0.45304375
4536	-0.134128897
1764	-0.340922646
3737	-0.288147999
4663	-0.62845801
3911	0.450608124
1643	-0.030969248
1285	0.782542491
3161	-0.309393669
2076	-0.778882751
4656	0.173906583
3567	-0.472715626
1871	-0.455181053
3116	-0.116122486
2099	-0.608837838
2075	-0.459593455
1288	-0.808218652
4248	0.087033376
1797	-0.652778829
3811	-0.58030536
4703	0.015449294
4166	0.032603123
3740	-0.541098633
6117	-0.0013789
1474	-0.303170748
1476	-0.282209592
3741	-0.039435513
4877	0.106947259
4572	0.840956439
3998	-0.388496177
1475	0.138887664
4571	-0.440464862
4365	-0.470887848
3742	-0.368418387
2013	-0.47086971
3452	-0.473700505
1761	0.181002139
4361	0.044264718
4963	-0.358525078
1603	-0.345516929
3675	-0.122948807
3812	0.362641176
2102	-0.285522505
4880	-0.040632975
1644	-0.621239465
1793	-0.587668505
3277	0.271154539
2103	-0.378933297
2017	-0.302651903
2189	-0.833072946
4990	0.235255918
2751	-0.35921026
3759	-0.522837884
5034	-0.006121133
1401	-0.008016681
4124	-0.554582888
3121	0.211332936
1020	-0.067034756
4128	0.444753218
1730	-0.385339597
3363	0.538846463
4782	-0.446657936
1397	0.041919875
4209	-0.210468418
4283	-0.511828974
4285	0.660709924
2204	-0.040124008
3173	0.061155196
5776	0.289194692
1305	0.697123599
4362	-0.61973249
3300	0.937479164
3167	-0.626600649
3463	-0.685422041
4276	-0.222783876
2891	-0.166404448
4112	0.276772065
3718	-0.935096467
3947	-0.026086694
4005	0.070711632
3790	0.064491426
3075	0.193265184
1502	-0.167195775
3168	-0.389356256
1415	-0.179023061
1252	-0.087253128
3442	0.332717484
3578	0.183407204
1488	0.37516187
2092	-0.119513311
5964	0.924225715
5215	-0.54197846
1907	-0.267915525
5361	0.381740377
3645	0.37440515
5895	-0.779162031
5194	0.106919917
1482	1.058825873
5314	-0.490721579
5312	-0.091432437
4905	0.00457406
1198	-0.280876338
2991	-0.00301154
3778	-0.107349076
3294	-0.381976998
3311	-0.683120753
1621	-0.828141192
1189	-0.10347272
5893	-0.518193034
2205	1.558047807
4003	0.933432072
5925	2.369176111
3298	-0.015074788
6078	-0.015833604
1492	0.584526508
1277	-0.296115693
4004	0.413898541
3867	-0.245477319
1879	0.013526709
1834	-0.049180214
6045	1.411218521
5751	0.350891019
5313	-0.4632343
1203	0.042998291
2880	0.035273579
3374	-0.290934932
3295	0.509995441
4178	0.706328931
1160	1.308422215
2990	-0.33226595
1912	-0.507837125
1455	0.532538096
1466	-0.184083445
4783	-0.046697006
1617	0.131069282
2014	-0.760443801
3213	-0.795945005
1363	-0.534716893
1036	-0.042387309
4352	-0.482049509
3836	-0.613385496
3481	-0.091897966
1942	-0.849875525
5405	-0.348189275
2078	0.872051759
1038	-0.113695423
5058	0.303258035
4002	0.240855669
4700	0.215084231
4666	0.42427098
3293	0.318544584
3480	-0.172660722
2005	0.196891942
3716	-0.441669404
3961	-0.442169319
1366	-0.351868807
3653	1.165704943
1651	0.071438861
4445	0.126928654
2031	-0.35595838
3959	0.392197728
6004	-0.196296081
5650	-0.245468346
3987	-0.459489542
1938	0.986249848
4247	0.349870203
3114	-0.243940163
2016	1.357936685
3940	1.154164754
5234	-0.551927764
3477	-0.280828193
4968	-0.291465102
2662	0.48651602
3130	-0.545723493
1602	-0.062843581
2668	-0.333308115
3682	-0.155710846
3140	-0.486291765
1868	-0.430281186
2663	1.348525508
3132	-0.063176972
3129	-0.47965666
2002	-0.140008354
3290	-0.054184548
2008	-0.260982325
3899	0.385255954
5983	-0.347671104
2656	-0.616832134
4250	-0.738806587
1939	-0.171820662
3210	0.723544179
1640	-0.718013069
1866	0.988041417
3739	-0.712453678
3945	-0.387883241
2010	0.042478673
1864	-0.38829752
1605	-0.120073208
1728	-0.772758449
3825	0.366449056
2673	-0.742495422
4444	-0.687120563
4298	0.583425691
2914	0.261316736
2653	0.426929937
1638	-0.416595039
2089	-0.138550741
2827	-0.529058795
3650	0.047944926
2825	-0.822275923
4969	0.069383387
3073	0.209588278
2674	0.642683821
5048	-0.31604519
3212	-0.281538272
4957	-0.010639702
2319	-0.242977551
4446	0.122146777
1867	-0.776983645
4249	-0.358318822
3004	-0.530114382
4965	-0.324179157
2979	-0.551057483
4634	-0.362485414
4953	1.014854445
4956	0.095911539
1364	-0.005396575
4420	-0.483162686
3654	-0.607075599
5595	-0.408396533
4507	-0.141901554
4300	-0.149158759
5603	-0.148464917
5752	0.956020974
5965	0.408409566
3388	-0.055513264
4631	-0.540804117
4242	-0.401078457
5156	-0.287592953
1273	-0.536610097
5931	-0.486593394
2728	0.021221023
2004	0.07771247
3752	-0.139029486
3120	0.817283775
4789	0.387356334
2462	0.316004052
1308	0.722629746
1150	0.44491697
3151	-0.158502364
1839	0.043367255
1251	-0.263213936
4857	-0.430871667
4272	0.320577944
4745	-0.379936295
1155	-0.095987414
3750	0.033127793
5282	1.16318806
1454	-0.235013138
2376	-0.261501857
3107	0.161852636
3592	-0.375136467
4938	-0.075297408
4743	-0.476227644
3361	0.09872508
3639	0.085048225
3025	0.092284552
1631	-0.248382521
1318	0.678795766
2917	-0.189135397
4582	-0.436296315
1159	0.5711434
4583	-0.276316447
4791	1.142928183
3045	0.292528476
1574	1.460568759
2286	-0.643187407
3312	-0.532313119
1501	-0.662020687
4257	0.072748647
4505	-0.458636168
1311	0.129637637
2451	-0.414080075
3440	1.190784291
1499	-0.699373196
5466	0.008720764
1623	0.594569516
5924	-0.278782592
1838	0.002107443
3494	0.103543709
4256	-0.100409715
5195	0.421769083
5825	0.182418645
5458	0.134168763
4926	0.748236072
1875	0.491651655
3881	-0.169520551
1882	-0.304757485
4817	0.279988056
5067	-0.219989554
1624	0.628126775
3753	-0.138149701
2997	-0.123142561
3013	-0.528018141
1908	-0.641900343
1500	-0.081788331
3104	0.269974271
4859	1.337369256
3878	0.238175453
4584	0.568043624
5483	0.34948473
2466	-0.612965227
3795	-0.060510057
3495	0.417877772
5963	-0.184001946
4427	-0.318035972
1250	0.424710951
4925	-0.23336157
3798	0.523489744
4279	1.424065327
3375	0.158555372
4280	0.656060097
2323	-0.042969762
1837	-0.529729018
3012	-0.332260333
3439	0.174513803
3792	0.245072049
5189	0.637710707
1254	-0.275508104
1227	-0.343612898
1309	0.329813016
4126	0.301578633
2289	-0.811108147
2378	-0.1631575
3751	-0.007098888
1498	-0.544082695
3378	0.286797117
5070	0.27419375
3568	0.111815653
5192	1.06326552
6042	0.035912706
3793	-0.411459935
3122	-0.743805152
4425	0.856678755
5072	0.367863731
5763	0.829514339
4941	-0.008236429
4858	-0.482930711
4116	0.817277328
3362	0.441367481
5071	0.506342234
3799	0.299278862
1480	0.925291557
4129	1.16133725
1619	-0.391038096
5457	-0.024790572
5996	0.316962502
2290	0.968963709
1319	0.130786016
6083	0.487621606
3106	0.551142588
3072	0.137502138
4786	2.18719958
3471	0.993649177
3301	0.124306052
1156	-0.21929397
5283	0.483135539
4476	0.524983666
2333	1.517074246
1315	-0.295134307
5922	0.583108927
6119	-0.148561229
4109	-0.242158838
3594	-0.643441017
3118	-0.266227958
5892	0.03191416
1635	0.650857102
4143	0.055298185
3467	0.556990961
5175	0.068868115
4419	-0.302754075
1393	0.603693345
1158	2.917557686
1451	-0.587964117
1191	0.222125434
5301	1.441129027
2450	0.598746409
3299	-0.483448415
1573	-0.329381166
1317	0.230764338
1307	-0.297153864
1450	-0.750554724
1657	-0.822087708
1153	-0.515174534
1275	0.52803802
3777	-0.065362938
4118	-0.550101873
3006	-0.378568387
5366	-0.163752588
3577	0.464374195
1465	-0.303998073
5073	0.837449109
1633	-0.354076616
1147	2.741235588
4503	1.218373685
1271	0.577942736
2463	-0.032134315
5753	-0.279634199
3377	-0.054827968
4581	0.347505175
3376	0.107332834
1667	0.555222021
1840	-0.471903738
1478	-0.142643458
4141	-0.854144045
2361	0.568457975
4111	0.964181422
2995	-0.362767704
1161	-0.315135416
4788	-0.169113585
1303	-0.37215505
5995	0.612565788
1225	1.049173759
5285	0.010750672
3470	0.268543369
2322	0.60954745
3105	0.629643543
4746	-0.327288356
1272	-0.247749244
1170	-0.226692908
3638	-0.153565451
2870	-0.236341495
4421	-0.437377733
3296	-0.069326768
1395	0.235255966
4764	0.815722239
3496	0.757423466
3462	1.168111113
1618	0.259493948
3590	-0.489929691
1149	0.223180295
4119	-0.26793024
3775	-0.266709444
5992	0.431150655
3172	-0.669956004
4277	1.131670989
2889	-0.184305781
4762	0.901960901
3529	0.280725092
4127	0.220431045
4408	-0.585503939
1659	0.185447948
1481	0.100375057
1464	-0.521498201
2185	1.810281449
4418	-0.247651682
5923	0.778120015
3593	-0.140814171
2465	-0.209876757
3880	0.120620534
1310	0.523233683
1301	-0.288826054
1833	-1.12172414
2285	0.014005594
1616	0.742382737
3882	0.206285334
2998	0.250695354
5066	-0.082696494
3879	0.796265455
1226	0.397922481
3623	-0.321764788
4426	-0.004491743
5900	0.638750846
5281	0.469633315
1876	-0.417046855
1878	-0.422361223
5966	0.493909191
5926	0.403786552
1015	0.975398482
4415	-0.02527762
1253	-0.19306356
2374	0.779052965
2918	-0.186482703
3310	0.875494238
2359	-0.352786362
2464	-0.380558759
3952	-0.247351652
4792	0.218881678
4259	-0.323844281
5764	0.090717152
2363	0.797120796
1151	0.95702686
1910	-0.492954366
3776	0.158867578
1835	-0.077947431
5994	-0.376994899
1913	-0.505619563
4906	1.318232789
5315	0.374321021
4258	0.689392165
1299	0.335864038
2287	-0.682609689
5311	-0.053174673
1575	-0.232639673
5158	0.403399989
1620	-0.113057439
1622	0.029955897
1903	-0.375972045
4919	0.085252483
1906	-0.429617135
4284	-0.138386005
4494	-0.442109772
4633	-0.193575339
3353	-0.206153058
4784	0.220928353
4662	-0.033679608
3813	-0.592775303
5605	0.370396102
6001	0.431842916
3898	0.485636818
3387	-0.262334191
2671	-0.204602073
4121	-0.326958083
3981	-0.351245114
1731	-0.659791509
2025	-0.108099772
1182	0.579594911
3460	0.856980378
3166	0.312247809
3681	-0.138557731
1607	-0.461085508
3765	-0.461164111
4873	0.074787277
4883	0.701314049
3400	-0.137556267
4627	0.157958761
1905	0.242535
1608	-0.178163893
3903	-0.374083829
3610	-0.513638178
3061	-0.599672723
5434	-0.198955758
4208	0.120518355
1611	-0.375134177
5928	-0.422977408
4879	-0.435852273
4281	-0.264254163
4628	-0.529686106
2992	-0.470039081
2373	-0.396007028
5448	-0.059657544
1072	-0.263692208
3137	-0.141091287
1832	-0.829063261